Initiating OPTIMUS Experiments with bootstrap the config [200, 300, 150, 200, 1]
generated initial solution space: [[200, 300, 150, 200, 1], [203, 395, 190, 333, 1], [177, 248, 145, 198, 1], [248, 359, 161, 208, 2], [215, 263, 229, 395, 1], [249, 337, 282, 428, 1], [202, 218, 161, 371, 1], [205, 313, 246, 386, 1], [188, 206, 54, 112, 1], [248, 429, 181, 239, 3], [213, 399, 205, 267, 1], [293, 428, 218, 313, 3], [221, 349, 106, 114, 2], [195, 346, 10, 92, 2], [221, 434, 137, 183, 2], [218, 300, 201, 372, 1], [271, 505, 187, 214, 2], [202, 398, 77, 79, 2], [238, 290, 249, 420, 1], [237, 327, 220, 438, 1]]
******* iteration 1 *******

fittest parents : [[205, 313, 246, 386, 1], [249, 337, 282, 428, 1], [237, 327, 220, 438, 1], [202, 398, 77, 79, 2], [271, 505, 187, 214, 2], [218, 300, 201, 372, 1], [221, 434, 137, 183, 2], [195, 346, 10, 92, 2], [221, 349, 106, 114, 2], [293, 428, 218, 313, 3]]
highest fitness scores: 5187
new generation: [[218, 300, 282, 428, 1], [237, 300, 220, 372, 1], [202, 398, 187, 214, 2], [221, 434, 282, 428, 2], [218, 300, 106, 372, 2]]
******* iteration 2 *******

fittest parents : [[218, 300, 282, 428, 1], [237, 300, 220, 372, 1], [202, 398, 187, 214, 2], [221, 434, 282, 428, 2], [218, 300, 106, 372, 2]]
highest fitness scores: 14035
new generation: [[218, 300, 106, 372, 2], [218, 300, 106, 372, 2], [221, 300, 220, 428, 1], [202, 398, 282, 428, 2], [237, 300, 106, 372, 1]]
******* iteration 3 *******

fittest parents : [[218, 300, 106, 372, 2], [221, 300, 220, 428, 1], [218, 300, 106, 372, 2], [202, 398, 282, 428, 2], [237, 300, 106, 372, 1]]
highest fitness scores: 5236
new generation: [[218, 300, 106, 372, 2], [221, 300, 106, 372, 1], [221, 398, 220, 428, 2], [202, 300, 282, 428, 2], [218, 300, 220, 372, 1]]
******* iteration 4 *******

fittest parents : [[202, 300, 282, 428, 2], [221, 398, 220, 428, 2], [218, 300, 106, 372, 2], [221, 300, 106, 372, 1], [218, 300, 220, 372, 1]]
highest fitness scores: 5099
new generation: [[221, 300, 106, 372, 1], [218, 300, 220, 372, 2], [202, 300, 282, 428, 2], [218, 300, 220, 372, 1], [218, 300, 106, 372, 2]]
