Initiating OPTIMUS Experiments with bootstrap the config [50, 75, 20, 50, 1]
generated initial solution space: [[50, 75, 20, 50, 1], [85, 116, 58, 123, 1], [66, 84, 21, 184, 2], [94, 157, 83, 270, 1], [84, 178, 32, 289, 2], [97, 110, 27, 73, 1], [94, 185, 92, 405, 1], [97, 139, 72, 101, 1], [89, 180, 120, 461, 2], [135, 262, 158, 550, 2], [68, 132, 63, 339, 1], [130, 268, 172, 544, 2], [83, 90, 51, 329, 1], [144, 308, 244, 582, 3], [113, 219, 119, 441, 1], [87, 91, 101, 237, 1], [120, 187, 148, 599, 1], [63, 160, 63, 392, 1], [116, 179, 86, 187, 1], [79, 181, 106, 464, 1], [39, 72, 32, 276, 1]]
******* iteration 1 *******
fittest parents : [[50, 75, 20, 50, 1], [97, 110, 27, 73, 1], [85, 116, 58, 123, 1], [97, 139, 72, 101, 1], [66, 84, 21, 184, 2], [87, 91, 101, 237, 1], [39, 72, 32, 276, 1], [83, 90, 51, 329, 1], [116, 179, 86, 187, 1], [94, 157, 83, 270, 1]]
highest fitness scores: 63
new generation: [[87, 91, 72, 101, 1], [97, 110, 27, 73, 1], [87, 91, 101, 237, 1], [83, 90, 51, 329, 1], [97, 139, 72, 101, 1]]
******* iteration 2 *******
fittest parents : [[87, 91, 72, 101, 1], [87, 91, 101, 237, 1], [83, 90, 51, 329, 1], [97, 110, 27, 73, 1], [97, 139, 72, 101, 1]]
highest fitness scores: 189
new generation: [[97, 139, 72, 101, 1], [87, 110, 27, 73, 1], [87, 91, 101, 237, 1], [97, 110, 51, 329, 1], [97, 139, 72, 101, 1]]
******* iteration 3 *******
fittest parents : [[87, 110, 27, 73, 1], [97, 139, 72, 101, 1], [97, 139, 72, 101, 1], [87, 91, 101, 237, 1], [97, 110, 51, 329, 1]]
highest fitness scores: 122
new generation: [[97, 139, 72, 101, 1], [97, 139, 72, 101, 1], [97, 110, 72, 101, 1], [87, 91, 101, 237, 1], [97, 139, 72, 101, 1]]
******* iteration 4 *******
fittest parents : [[97, 110, 72, 101, 1], [97, 139, 72, 101, 1], [97, 139, 72, 101, 1], [97, 139, 72, 101, 1], [87, 91, 101, 237, 1]]
highest fitness scores: 148
new generation: [[97, 139, 72, 101, 1], [97, 139, 72, 101, 1], [97, 139, 72, 101, 1], [97, 110, 72, 101, 1], [97, 139, 72, 101, 1]]

Optimal Solution Space: [[97, 139, 72, 101, 2]
