Initiating OPTIMUS Experiments with bootstrap the config [100, 150, 50, 100, 2]
generated initial solution space: [[100, 150, 50, 100, 2], [147, 206, 141, 240, 3], [152, 261, 197, 367, 4], [110, 244, 115, 130, 3], [109, 233, 127, 260, 3], [121, 249, 144, 296, 3], [123, 330, 157, 340, 3], [89, 192, 140, 174, 3], [104, 177, 21, 101, 3], [201, 319, 297, 421, 5], [128, 233, 147, 193, 3]]
******* iteration 1 *******
fittest parents : [[100, 150, 50, 100, 2], [104, 177, 21, 101, 3], [89, 192, 140, 174, 3], [110, 244, 115, 130, 3], [128, 233, 147, 193, 3], [147, 206, 141, 240, 3], [152, 261, 197, 367, 4], [123, 330, 157, 340, 3], [201, 319, 297, 421, 5], [109, 233, 127, 260, 3]]
highest fitness scores: 187
new generation: [[109, 244, 127, 130, 3], [109, 233, 127, 260, 3], [128, 233, 50, 193, 2], [100, 177, 21, 101, 3], [104, 177, 21, 101, 3]]
******* iteration 2 *******
fittest parents : [[104, 177, 21, 101, 3], [128, 233, 50, 193, 2], [109, 233, 127, 260, 3], [109, 244, 127, 130, 3], [100, 177, 21, 101, 3]]
highest fitness scores: 215
new generation: [[100, 177, 21, 101, 3], [109, 244, 21, 101, 3], [109, 233, 127, 260, 3], [128, 233, 127, 193, 3], [104, 177, 21, 101, 3]]
******* iteration 3 *******
fittest parents : [[109, 244, 21, 101, 3], [109, 233, 127, 260, 3], [100, 177, 21, 101, 3], [128, 233, 127, 193, 3], [104, 177, 21, 101, 3]]
highest fitness scores: 282
new generation: [[100, 177, 21, 101, 3], [104, 177, 21, 101, 3], [128, 233, 127, 193, 3], [109, 233, 21, 193, 3], [109, 177, 127, 260, 3]]
******* iteration 4 *******
fittest parents : [[128, 233, 127, 193, 3], [109, 177, 127, 260, 3], [100, 177, 21, 101, 3], [104, 177, 21, 101, 3], [109, 233, 21, 193, 3]]
highest fitness scores: 364
new generation: [[100, 177, 21, 101, 3], [100, 233, 21, 193, 3], [109, 177, 127, 193, 3], [109, 177, 127, 260, 3], [109, 177, 127, 260, 3]]
Optimal Solution Space: [[100, 177, 21, 101, 3], [100, 233, 21, 193, 3], [109, 177, 127, 193, 3], [109, 177, 127, 260, 3], [109, 177, 127, 260, 3]]
